61 
120
50
66
54
56
76
33
56
76
43
61 
120
50
66
54
56
76
33
56
76
43
61 
120
50
66
54
56
76
33
56
76
43
61 
120
50
66
54
56
76
33
56
76
43
61 
120
50
66
54
56
76
33
56
76
43
61 
120
50
66
54
56
76
33
56
76
43
61 
120
50
66
54
56
76
33
56
76
43
61 
120
50
66
54
56
76
33
56
76
43
61 
120
50
66
54
56
76
33
56
76
43
61 
120
50
66
54
56
76
33
56
76
43
61 
120
50
66
54
56
76
33
56
76
43
61 
120
50
66
54
56
76
33
56
76
43
61 
120
50
66
54
56
76
33
56
76
43
61 
120
50
66
54
56
76
33
56
76
43
61 
120
50
66
54
56
76
33
56
76
43
61 
120
50
66
54
56
76
33
56
76
43
61 
120
22
50
66
54
56
76
33
56
76
43
61 
120
50
66
54
56
76
33
56
76
43
55
99